1+1
8-3
a <- 1+1
b <- a+1
a_b <- a+b
Não Use
